0 0.273415
1 0.295882
2 4.28378
3 289.597
4 18660.4
5 1.19425e+06
6 7.64317e+07
7 4.89163e+09
8 3.13064e+11
9 2.00361e+13
10 1.28231e+15
11 8.20679e+16
12 5.25235e+18
13 3.3615e+20
14 2.15136e+22
15 1.37687e+24
16 8.81198e+25
17 5.63966e+27
18 3.60939e+29
19 2.31001e+31
20 1.4784e+33
21 9.46179e+34
22 6.05554e+36
23 3.87555e+38
24 2.48035e+40
25 1.58742e+42
26 1.01595e+44
27 6.50209e+45
28 4.16134e+47
29 2.66326e+49
30 1.70448e+51
31 1.09087e+53
32 6.98157e+54
33 4.4682e+56
34 2.85965e+58
35 1.83018e+60
36 1.17131e+62
37 7.4964e+63
38 4.7977e+65
39 3.07053e+67
40 1.96514e+69
41 1.25769e+71
42 8.0492e+72
43 5.15149e+74
44 3.29695e+76
45 2.11005e+78
46 1.35043e+80
47 8.64276e+81
48 5.53137e+83
49 3.54007e+85
50 2.26565e+87
51 1.45001e+89
52 9.28009e+90
53 5.93926e+92
54 3.80113e+94
55 2.43272e+96
56 1.55694e+98
57 9.96442e+99
58 6.37723e+101
59 4.08143e+103
60 2.61211e+105
61 1.67175e+107
62 1.06992e+109
63 6.8475e+110
64 4.3824e+112
65 2.80474e+114
66 1.79503e+116
67 1.14882e+118
68 7.35245e+119
69 4.70557e+121
70 3.01156e+123
71 1.9274e+125
72 1.23354e+127
73 7.89463e+128
74 5.05256e+130
75 3.23364e+132
76 2.06953e+134
77 1.3245e+136
78 8.47679e+137
79 5.42515e+139
80 3.4721e+141
81 2.22214e+143
82 1.42217e+145
83 9.10189e+146
84 5.82521e+148
85 3.72813e+150
86 2.38601e+152
87 1.52704e+154
88 9.77308e+155
89 6.25477e+157
90 4.00305e+159
91 2.56195e+161
92 1.63965e+163
93 1.04938e+165
94 6.71601e+166
95 4.29825e+168
96 2.75088e+170
97 1.76056e+172
98 1.12676e+174
99 7.21126e+175
100 4.61521e+177
101 2.95373e+179
102 1.89039e+181
103 1.20985e+183
104 7.74303e+184
105 4.95554e+186
106 3.17155e+188
107 2.02979e+190
108 1.29907e+192
109 8.31402e+193
110 5.32097e+195
111 3.40542e+197
112 2.17947e+199
113 1.39486e+201
114 8.92711e+202
115 5.71335e+204
116 3.65654e+206
117 2.34019e+208
118 1.49772e+210
119 9.58541e+211
120 6.13466e+213
121 3.92618e+215
122 2.51276e+217
123 1.60816e+219
124 1.02923e+221
125 6.58704e+222
126 4.21571e+224
127 2.69805e+226
128 1.72675e+228
129 1.10512e+230
130 7.07278e+231
131 4.52658e+233
132 2.89701e+235
133 1.85409e+237
134 1.18662e+239
135 7.59434e+240
136 4.86038e+242
137 3.11064e+244
138 1.99081e+246
139 1.27412e+248
140 8.15436e+249
141 5.21879e+251
142 3.34003e+253
143 2.13762e+255
144 1.36808e+257
145 8.75568e+258
146 5.60364e+260
147 3.58633e+262
148 2.29525e+264
149 1.46896e+266
150 9.40134e+267
151 6.01686e+269
152 3.85079e+271
153 2.46451e+273
154 1.57728e+275
155 1.00946e+277
156 6.46055e+278
157 4.13475e+280
158 2.64624e+282
159 1.69359e+284
160 1.0839e+286
161 6.93697e+287
162 4.43966e+289
163 2.84138e+291
164 1.81848e+293
165 1.16383e+295
166 7.44851e+296
167 4.76705e+298
168 3.05091e+300
169 1.95258e+302
170 1.24965e+304
171 inf
172 inf
173 inf
174 inf
175 inf
176 inf
177 inf
178 inf
179 inf
180 inf
181 inf
182 inf
183 inf
184 inf
185 inf
186 inf
187 inf
188 inf
189 inf
190 inf
191 inf
192 inf
193 inf
194 inf
195 inf
196 inf
197 inf
198 inf
199 inf
200 inf
201 inf
202 inf
203 inf
204 inf
205 inf
206 inf
207 inf
208 inf
209 inf
210 inf
211 inf
212 inf
213 inf
214 inf
215 inf
216 inf
217 inf
218 inf
219 inf
220 inf
221 inf
222 inf
223 inf
224 inf
225 inf
226 inf
227 inf
228 inf
229 inf
230 inf
231 inf
232 inf
233 inf
234 inf
235 inf
236 inf
237 inf
238 inf
239 inf
240 inf
241 inf
242 inf
243 inf
244 inf
245 inf
246 inf
247 inf
248 inf
249 inf
250 inf
251 inf
252 inf
253 inf
254 inf
255 inf
256 inf
257 inf
258 inf
259 inf
260 inf
261 inf
262 inf
263 inf
264 inf
265 inf
266 inf
267 inf
268 inf
269 inf
270 inf
271 inf
272 inf
273 inf
274 inf
275 inf
276 inf
277 inf
278 inf
279 inf
280 inf
281 inf
282 inf
283 inf
284 inf
285 inf
286 inf
287 inf
288 inf
289 inf
290 inf
291 inf
292 inf
293 inf
294 inf
295 inf
296 inf
297 inf
298 inf
299 inf
300 inf
301 inf
302 inf
303 inf
304 inf
305 inf
306 inf
307 inf
308 inf
309 inf
310 inf
311 inf
312 inf
313 inf
314 inf
315 inf
316 inf
317 inf
318 inf
319 inf
320 inf
321 inf
322 inf
323 inf
324 inf
325 inf
326 inf
327 inf
328 inf
329 inf
330 inf
331 inf
332 inf
333 inf
334 inf
335 inf
336 inf
337 inf
338 inf
339 inf
340 inf
341 inf
342 nan
343 nan
344 nan
345 nan
346 nan
347 nan
348 nan
349 nan
350 nan
351 nan
352 nan
353 nan
354 nan
355 nan
356 nan
357 nan
358 nan
359 nan
360 nan
361 nan
362 nan
363 nan
364 nan
365 nan
366 nan
367 nan
368 nan
369 nan
370 nan
371 nan
372 nan
373 nan
374 nan
375 nan
376 nan
377 nan
378 nan
379 nan
380 nan
381 nan
382 nan
383 nan
384 nan
385 nan
386 nan
387 nan
388 nan
389 nan
390 nan
391 nan
392 nan
393 nan
394 nan
395 nan
396 nan
397 nan
398 nan
399 nan
400 nan
401 nan
402 nan
403 nan
404 nan
405 nan
406 nan
407 nan
408 nan
409 nan
410 nan
411 nan
412 nan
413 nan
414 nan
415 nan
416 nan
417 nan
418 nan
419 nan
420 nan
421 nan
422 nan
423 nan
424 nan
425 nan
426 nan
427 nan
428 nan
429 nan
430 nan
431 nan
432 nan
433 nan
434 nan
435 nan
436 nan
437 nan
438 nan
439 nan
440 nan
441 nan
442 nan
443 nan
444 nan
445 nan
446 nan
447 nan
448 nan
449 nan
450 nan
451 nan
452 nan
453 nan
454 nan
455 nan
456 nan
457 nan
458 nan
459 nan
460 nan
461 nan
462 nan
463 nan
464 nan
465 nan
466 nan
467 nan
468 nan
469 nan
470 nan
471 nan
472 nan
473 nan
474 nan
475 nan
476 nan
477 nan
478 nan
479 nan
480 nan
481 nan
482 nan
483 nan
484 nan
485 nan
486 nan
487 nan
488 nan
489 nan
490 nan
491 nan
492 nan
493 nan
494 nan
495 nan
496 nan
497 nan
498 nan
499 nan
500 nan
501 nan
502 nan
503 nan
504 nan
505 nan
506 nan
507 nan
508 nan
509 nan
510 nan
511 nan
512 nan
513 nan
514 nan
515 nan
516 nan
517 nan
518 nan
519 nan
520 nan
521 nan
522 nan
523 nan
524 nan
525 nan
526 nan
527 nan
528 nan
529 nan
530 nan
531 nan
532 nan
533 nan
534 nan
535 nan
536 nan
537 nan
538 nan
539 nan
540 nan
541 nan
542 nan
543 nan
544 nan
545 nan
546 nan
547 nan
548 nan
549 nan
550 nan
551 nan
552 nan
553 nan
554 nan
555 nan
556 nan
557 nan
558 nan
559 nan
560 nan
561 nan
562 nan
563 nan
564 nan
565 nan
566 nan
567 nan
568 nan
569 nan
570 nan
571 nan
572 nan
573 nan
574 nan
575 nan
576 nan
577 nan
578 nan
579 nan
580 nan
581 nan
582 nan
583 nan
584 nan
585 nan
586 nan
587 nan
588 nan
589 nan
590 nan
591 nan
592 nan
593 nan
594 nan
595 nan
596 nan
597 nan
598 nan
599 nan
600 nan
601 nan
602 nan
603 nan
604 nan
605 nan
606 nan
607 nan
608 nan
609 nan
610 nan
611 nan
612 nan
613 nan
614 nan
615 nan
616 nan
617 nan
618 nan
619 nan
620 nan
621 nan
622 nan
623 nan
624 nan
625 nan
626 nan
627 nan
628 nan
629 nan
630 nan
631 nan
632 nan
633 nan
634 nan
635 nan
636 nan
637 nan
638 nan
639 nan
640 nan
641 nan
642 nan
643 nan
644 nan
645 nan
646 nan
647 nan
648 nan
649 nan
650 nan
651 nan
652 nan
653 nan
654 nan
655 nan
656 nan
657 nan
658 nan
659 nan
660 nan
661 nan
662 nan
663 nan
664 nan
665 nan
666 nan
667 nan
668 nan
669 nan
670 nan
671 nan
672 nan
673 nan
674 nan
675 nan
676 nan
677 nan
678 nan
679 nan
680 nan
681 nan
682 nan
683 nan
684 nan
685 nan
686 nan
687 nan
688 nan
689 nan
690 nan
691 nan
692 nan
693 nan
694 nan
695 nan
696 nan
697 nan
698 nan
699 nan
700 nan
701 nan
702 nan
703 nan
704 nan
705 nan
706 nan
707 nan
708 nan
709 nan
710 nan
711 nan
712 nan
713 nan
714 nan
715 nan
716 nan
717 nan
718 nan
719 nan
720 nan
721 nan
722 nan
723 nan
724 nan
725 nan
726 nan
727 nan
728 nan
729 nan
730 nan
731 nan
732 nan
733 nan
734 nan
735 nan
736 nan
737 nan
738 nan
739 nan
740 nan
741 nan
742 nan
743 nan
744 nan
745 nan
746 nan
747 nan
748 nan
749 nan
750 nan
751 nan
752 nan
753 nan
754 nan
755 nan
756 nan
757 nan
758 nan
759 nan
760 nan
761 nan
762 nan
763 nan
764 nan
765 nan
766 nan
767 nan
768 nan
769 nan
770 nan
771 nan
772 nan
773 nan
774 nan
775 nan
776 nan
777 nan
778 nan
779 nan
780 nan
781 nan
782 nan
783 nan
784 nan
785 nan
786 nan
787 nan
788 nan
789 nan
790 nan
791 nan
792 nan
793 nan
794 nan
795 nan
796 nan
797 nan
798 nan
799 nan
800 nan
801 nan
802 nan
803 nan
804 nan
805 nan
806 nan
807 nan
808 nan
809 nan
810 nan
811 nan
812 nan
813 nan
814 nan
815 nan
816 nan
817 nan
818 nan
819 nan
820 nan
821 nan
822 nan
823 nan
824 nan
825 nan
826 nan
827 nan
828 nan
829 nan
830 nan
831 nan
832 nan
833 nan
834 nan
835 nan
836 nan
837 nan
838 nan
839 nan
840 nan
841 nan
842 nan
843 nan
844 nan
845 nan
846 nan
847 nan
848 nan
849 nan
850 nan
851 nan
852 nan
853 nan
854 nan
855 nan
856 nan
857 nan
858 nan
859 nan
860 nan
861 nan
862 nan
863 nan
864 nan
865 nan
866 nan
867 nan
868 nan
869 nan
870 nan
871 nan
872 nan
873 nan
874 nan
875 nan
876 nan
877 nan
878 nan
879 nan
880 nan
881 nan
882 nan
883 nan
884 nan
885 nan
886 nan
887 nan
888 nan
889 nan
890 nan
891 nan
892 nan
893 nan
894 nan
895 nan
896 nan
897 nan
898 nan
899 nan
900 nan
901 nan
902 nan
903 nan
904 nan
905 nan
906 nan
907 nan
908 nan
909 nan
910 nan
911 nan
912 nan
913 nan
914 nan
915 nan
916 nan
917 nan
918 nan
919 nan
920 nan
921 nan
922 nan
923 nan
924 nan
925 nan
926 nan
927 nan
928 nan
929 nan
930 nan
931 nan
932 nan
933 nan
934 nan
935 nan
936 nan
937 nan
938 nan
939 nan
940 nan
941 nan
942 nan
943 nan
944 nan
945 nan
946 nan
947 nan
948 nan
949 nan
950 nan
951 nan
952 nan
953 nan
954 nan
955 nan
956 nan
957 nan
958 nan
959 nan
960 nan
961 nan
962 nan
963 nan
964 nan
965 nan
966 nan
967 nan
968 nan
969 nan
970 nan
971 nan
972 nan
973 nan
974 nan
975 nan
976 nan
977 nan
978 nan
979 nan
980 nan
981 nan
982 nan
983 nan
984 nan
985 nan
986 nan
987 nan
988 nan
989 nan
990 nan
991 nan
992 nan
993 nan
994 nan
995 nan
996 nan
997 nan
998 nan
999 nan
1000 nan
