0 -0.00364815 0.0257003
0.002 -0.00200792 0.0273554
0.004 0.0105853 0.0290836
0.006 0.00836259 0.0308847
0.008 0.0147436 0.0327585
0.01 0.0142656 0.0347044
0.012 0.0177545 0.0367215
0.014 0.0244725 0.0388091
0.016 0.038133 0.0409658
0.018 0.0359154 0.0431904
0.02 0.0316289 0.0454813
0.022 0.034595 0.0478369
0.024 0.0460348 0.0502554
0.026 0.0602212 0.0527348
0.028 0.0547203 0.0552731
0.03 0.0506223 0.0578682
0.032 0.0689082 0.060518
0.034 0.0605716 0.0632201
0.036 0.0752042 0.0659723
0.038 0.0777889 0.0687723
0.04 0.0839761 0.0716177
0.042 0.0761776 0.0745064
0.044 0.0895533 0.0774359
0.046 0.0938524 0.080404
0.048 0.0903077 0.0834084
0.05 0.0943416 0.0864469
0.052 0.0909645 0.0895174
0.054 0.100491 0.0926178
0.056 0.114337 0.0957459
0.058 0.103782 0.0988998
0.06 0.106938 0.102078
0.062 0.125443 0.105277
0.064 0.112325 0.108497
0.066 0.1312 0.111735
0.068 0.116802 0.11499
0.07 0.132151 0.11826
0.072 0.136715 0.121544
0.074 0.141419 0.12484
0.076 0.139877 0.128146
0.078 0.15046 0.131461
0.08 0.139404 0.134784
0.082 0.155697 0.138114
0.084 0.151979 0.14145
0.086 0.155691 0.144789
0.088 0.151438 0.148132
0.09 0.170133 0.151476
0.092 0.161218 0.154822
0.094 0.177339 0.158167
0.096 0.171626 0.161512
0.098 0.171136 0.164854
0.1 0.175289 0.168194
0.102 0.187096 0.171529
0.104 0.180119 0.17486
0.106 0.18719 0.178186
0.108 0.200458 0.181505
0.11 0.193227 0.184817
0.112 0.190596 0.188121
0.114 0.201792 0.191416
0.116 0.196005 0.194702
0.118 0.200062 0.197977
0.12 0.202085 0.201242
0.122 0.202196 0.204494
0.124 0.210072 0.207735
0.126 0.216829 0.210962
0.128 0.217602 0.214176
0.13 0.214236 0.217375
0.132 0.216658 0.220559
0.134 0.22699 0.223728
0.136 0.240831 0.22688
0.138 0.239085 0.230015
0.14 0.23153 0.233132
0.142 0.236373 0.236231
0.144 0.233448 0.239312
0.146 0.238137 0.242372
0.148 0.248749 0.245413
0.15 0.255321 0.248433
0.152 0.24455 0.251432
0.154 0.254414 0.254409
0.156 0.256078 0.257364
0.158 0.25696 0.260296
0.16 0.253485 0.263204
0.162 0.272225 0.266089
0.164 0.276515 0.268949
0.166 0.267905 0.271785
0.168 0.281656 0.274595
0.17 0.268434 0.27738
0.172 0.269493 0.280138
0.174 0.276194 0.28287
0.176 0.276441 0.285575
0.178 0.282702 0.288252
0.18 0.277092 0.290902
0.182 0.298927 0.293524
0.184 0.293367 0.296117
0.186 0.29204 0.298682
0.188 0.301598 0.301218
0.19 0.289235 0.303724
0.192 0.297387 0.306201
0.194 0.305365 0.308648
0.196 0.305389 0.311065
0.198 0.311289 0.313451
0.2 0.307015 0.315808
0.202 0.302382 0.318133
0.204 0.318966 0.320429
0.206 0.308644 0.322693
0.208 0.325886 0.324926
0.21 0.320861 0.327128
0.212 0.31696 0.3293
0.214 0.33109 0.33144
0.216 0.331316 0.333548
0.218 0.332931 0.335626
0.22 0.322538 0.337672
0.222 0.336437 0.339688
0.224 0.325812 0.341672
0.226 0.325721 0.343625
0.228 0.34533 0.345546
0.23 0.337068 0.347437
0.232 0.330148 0.349297
0.234 0.348665 0.351126
0.236 0.342773 0.352925
0.238 0.353005 0.354693
0.24 0.343393 0.356431
0.242 0.347421 0.358138
0.244 0.357023 0.359816
0.246 0.352866 0.361463
0.248 0.351962 0.363081
0.25 0.364177 0.36467
0.252 0.362832 0.366229
0.254 0.352921 0.36776
0.256 0.363838 0.369261
0.258 0.355124 0.370735
0.26 0.368595 0.37218
0.262 0.3673 0.373597
0.264 0.368787 0.374986
0.266 0.368182 0.376348
0.268 0.36159 0.377684
0.27 0.368137 0.378992
0.272 0.376067 0.380274
0.274 0.370166 0.381529
0.276 0.377975 0.382759
0.278 0.381697 0.383963
0.28 0.376145 0.385143
0.282 0.382109 0.386297
0.284 0.387708 0.387427
0.286 0.385338 0.388532
0.288 0.388387 0.389614
0.29 0.378591 0.390672
0.292 0.390838 0.391707
0.294 0.394931 0.392719
0.296 0.384547 0.393709
0.298 0.397833 0.394677
0.3 0.381671 0.395623
0.302 0.388097 0.396547
0.304 0.399528 0.397451
0.306 0.38581 0.398334
0.308 0.389957 0.399196
0.31 0.404319 0.400039
0.312 0.388646 0.400861
0.314 0.402652 0.401665
0.316 0.39307 0.40245
0.318 0.397376 0.403216
0.32 0.399101 0.403964
0.322 0.400688 0.404694
0.324 0.411788 0.405406
0.326 0.410896 0.406101
0.328 0.414702 0.40678
0.33 0.404745 0.407442
0.332 0.401886 0.408088
0.334 0.408442 0.408718
0.336 0.399547 0.409332
0.338 0.400208 0.409932
0.34 0.410875 0.410516
0.342 0.405398 0.411086
0.344 0.402307 0.411642
0.346 0.413199 0.412184
0.348 0.421161 0.412713
0.35 0.419405 0.413228
0.352 0.411563 0.413731
0.354 0.408703 0.41422
0.356 0.411488 0.414698
0.358 0.425816 0.415163
0.36 0.42386 0.415617
0.362 0.411007 0.416059
0.364 0.427396 0.416491
0.366 0.423113 0.416911
0.368 0.41062 0.417321
0.37 0.422261 0.417721
0.372 0.420387 0.41811
0.374 0.417941 0.41849
0.376 0.431915 0.41886
0.378 0.42373 0.419222
0.38 0.431894 0.419574
0.382 0.418588 0.419917
0.384 0.427873 0.420253
0.386 0.419376 0.420579
0.388 0.43045 0.420898
0.39 0.432007 0.42121
0.392 0.417989 0.421514
0.394 0.420129 0.42181
0.396 0.419091 0.4221
0.398 0.433002 0.422382
0.4 0.437056 0.422659
0.402 0.423267 0.422928
0.404 0.429454 0.423192
0.406 0.430775 0.42345
0.408 0.420518 0.423702
0.41 0.439862 0.423948
0.412 0.426803 0.42419
0.414 0.432038 0.424426
0.416 0.439561 0.424657
0.418 0.43874 0.424883
0.42 0.436617 0.425105
0.422 0.430085 0.425322
0.424 0.434394 0.425535
0.426 0.438231 0.425744
0.428 0.435846 0.42595
0.43 0.435044 0.426151
0.432 0.43614 0.426349
0.434 0.442687 0.426544
0.436 0.430405 0.426735
0.438 0.437484 0.426923
0.44 0.434972 0.427108
0.442 0.430875 0.427291
0.444 0.439304 0.427471
0.446 0.4278 0.427648
0.448 0.444438 0.427823
0.45 0.434842 0.427996
0.452 0.437704 0.428166
0.454 0.444007 0.428335
0.456 0.432279 0.428502
0.458 0.43089 0.428667
0.46 0.431595 0.42883
0.462 0.444232 0.428992
0.464 0.438076 0.429153
0.466 0.430742 0.429312
0.468 0.437023 0.42947
0.47 0.43632 0.429627
0.472 0.4352 0.429783
0.474 0.442237 0.429939
0.476 0.442051 0.430093
0.478 0.443956 0.430247
0.48 0.431064 0.4304
0.482 0.43896 0.430553
0.484 0.440078 0.430706
0.486 0.432506 0.430858
0.488 0.433689 0.431011
0.49 0.44215 0.431163
0.492 0.435935 0.431315
0.494 0.441383 0.431467
0.496 0.444429 0.431619
0.498 0.434366 0.431772
0.5 0.447038 0.431925
0.502 0.434882 0.432078
0.504 0.429172 0.432232
0.506 0.444051 0.432387
0.508 0.432799 0.432542
0.51 0.429464 0.432698
0.512 0.444365 0.432854
0.514 0.436932 0.433012
0.516 0.430263 0.43317
0.518 0.440135 0.433329
0.52 0.43618 0.43349
0.522 0.439178 0.433652
0.524 0.427867 0.433814
0.526 0.443172 0.433978
0.528 0.446948 0.434144
0.53 0.427981 0.434311
0.532 0.432696 0.434479
0.534 0.43476 0.434649
0.536 0.431625 0.434821
0.538 0.439721 0.434994
0.54 0.432181 0.435169
0.542 0.433832 0.435346
0.544 0.434955 0.435524
0.546 0.436204 0.435705
0.548 0.429762 0.435887
0.55 0.430476 0.436072
0.552 0.431055 0.436259
0.554 0.440406 0.436448
0.556 0.428537 0.436639
0.558 0.43856 0.436832
0.56 0.442313 0.437028
0.562 0.436929 0.437226
0.564 0.430773 0.437427
0.566 0.4269 0.43763
0.568 0.442628 0.437836
0.57 0.437824 0.438045
0.572 0.443471 0.438257
0.574 0.443931 0.438471
0.576 0.432609 0.438688
0.578 0.433453 0.438908
0.58 0.437194 0.439131
0.582 0.429766 0.439357
0.584 0.446132 0.439587
0.586 0.436701 0.43982
0.588 0.431352 0.440055
0.59 0.42772 0.440295
0.592 0.442866 0.440537
0.594 0.433514 0.440784
0.596 0.432787 0.441034
0.598 0.426882 0.441287
0.6 0.431821 0.441544
0.602 0.43075 0.441805
0.604 0.434068 0.44207
0.606 0.437941 0.442339
0.608 0.43518 0.442612
0.61 0.444118 0.442889
0.612 0.441429 0.443171
0.614 0.439671 0.443456
0.616 0.42825 0.443746
0.618 0.44264 0.444041
0.62 0.446958 0.44434
0.622 0.431885 0.444644
0.624 0.437169 0.444952
0.626 0.437161 0.445266
0.628 0.446628 0.445584
0.63 0.438952 0.445908
0.632 0.446053 0.446237
0.634 0.447745 0.446571
0.636 0.43059 0.44691
0.638 0.439819 0.447255
0.64 0.437303 0.447606
0.642 0.448015 0.447962
0.644 0.445958 0.448325
0.646 0.450618 0.448693
0.648 0.446819 0.449067
0.65 0.435938 0.449448
0.652 0.445546 0.449836
0.654 0.444781 0.45023
0.656 0.448367 0.45063
0.658 0.435032 0.451038
0.66 0.444154 0.451453
0.662 0.446923 0.451875
0.664 0.435736 0.452304
0.666 0.446949 0.452741
0.668 0.452136 0.453185
0.67 0.445932 0.453638
0.672 0.446963 0.454099
0.674 0.452092 0.454568
0.676 0.440632 0.455046
0.678 0.43966 0.455532
0.68 0.445991 0.456027
0.682 0.454375 0.456532
0.684 0.446707 0.457046
0.686 0.440403 0.45757
0.688 0.445194 0.458103
0.69 0.447328 0.458647
0.692 0.442707 0.459201
0.694 0.451004 0.459765
0.696 0.446503 0.460341
0.698 0.447082 0.460928
0.7 0.452116 0.461526
0.702 0.464137 0.462136
0.704 0.462715 0.462758
0.706 0.449229 0.463392
0.708 0.466551 0.464039
0.71 0.46628 0.464699
0.712 0.460051 0.465373
0.714 0.458334 0.46606
0.716 0.453864 0.466761
0.718 0.453735 0.467476
0.72 0.471623 0.468206
0.722 0.466955 0.468952
0.724 0.455668 0.469713
0.726 0.460511 0.47049
0.728 0.467104 0.471283
0.73 0.47169 0.472093
0.732 0.478479 0.47292
0.734 0.474409 0.473764
0.736 0.466118 0.474627
0.738 0.480403 0.475508
0.74 0.480938 0.476409
0.742 0.480472 0.477329
0.744 0.485449 0.478268
0.746 0.475983 0.479229
0.748 0.478358 0.48021
0.75 0.487227 0.481213
0.752 0.472481 0.482239
0.754 0.482512 0.483287
0.756 0.492651 0.484358
0.758 0.482822 0.485454
0.76 0.489332 0.486573
0.762 0.488682 0.487719
0.764 0.490327 0.48889
0.766 0.488207 0.490087
0.768 0.501476 0.491312
0.77 0.503629 0.492565
0.772 0.493686 0.493846
0.774 0.497951 0.495157
0.776 0.499518 0.496498
0.778 0.509327 0.49787
0.78 0.509056 0.499273
0.782 0.500496 0.50071
0.784 0.502553 0.502179
0.786 0.50414 0.503683
0.788 0.51393 0.505222
0.79 0.507248 0.506798
0.792 0.510929 0.50841
0.794 0.517413 0.51006
0.796 0.514494 0.51175
0.798 0.520412 0.513479
0.8 0.530172 0.515249
0.802 0.533765 0.517061
0.804 0.523713 0.518917
0.806 0.522503 0.520816
0.808 0.543034 0.522761
0.81 0.529104 0.524753
0.812 0.531831 0.526792
0.814 0.540016 0.52888
0.816 0.53479 0.531018
0.818 0.554356 0.533208
0.82 0.557819 0.53545
0.822 0.559206 0.537746
0.824 0.55356 0.540098
0.826 0.556177 0.542506
0.828 0.550855 0.544972
0.83 0.568982 0.547498
0.832 0.560988 0.550084
0.834 0.571732 0.552733
0.836 0.580163 0.555446
0.838 0.571372 0.558224
0.84 0.568043 0.561069
0.842 0.583301 0.563982
0.844 0.592368 0.566965
0.846 0.592732 0.570019
0.848 0.584386 0.573146
0.85 0.599783 0.576348
0.852 0.58628 0.579626
0.854 0.604458 0.582982
0.856 0.607274 0.586417
0.858 0.599846 0.589933
0.86 0.61289 0.593531
0.862 0.606159 0.597213
0.864 0.609085 0.60098
0.866 0.615886 0.604834
0.868 0.628847 0.608777
0.87 0.631672 0.612809
0.872 0.631021 0.616933
0.874 0.63028 0.621149
0.876 0.643864 0.625458
0.878 0.638647 0.629862
0.88 0.648518 0.634362
0.882 0.661317 0.638959
0.884 0.658122 0.643653
0.886 0.658459 0.648446
0.888 0.667073 0.653337
0.89 0.673248 0.658328
0.892 0.680475 0.663418
0.894 0.686285 0.668608
0.896 0.683832 0.673897
0.898 0.678664 0.679285
0.9 0.691497 0.684771
0.902 0.695552 0.690355
0.904 0.69916 0.696036
0.906 0.697589 0.701811
0.908 0.71776 0.70768
0.91 0.707023 0.713639
0.912 0.719264 0.719688
0.914 0.718879 0.725821
0.916 0.732444 0.732038
0.918 0.741936 0.738333
0.92 0.7489 0.744702
0.922 0.735392 0.751142
0.924 0.754614 0.757647
0.926 0.754007 0.764211
0.928 0.758582 0.770829
0.93 0.759828 0.777494
0.932 0.765876 0.784199
0.934 0.770735 0.790937
0.936 0.782776 0.797699
0.938 0.781905 0.804478
0.94 0.785327 0.811265
0.942 0.807578 0.81805
0.944 0.809017 0.824823
0.946 0.814326 0.831575
0.948 0.826403 0.838295
0.95 0.825591 0.844973
0.952 0.829315 0.851598
0.954 0.830807 0.858159
0.956 0.842969 0.864644
0.958 0.8571 0.871044
0.96 0.857426 0.877346
0.962 0.860924 0.88354
0.964 0.863675 0.889616
0.966 0.880792 0.895562
0.968 0.881921 0.90137
0.97 0.890901 0.90703
0.972 0.902256 0.912533
0.974 0.906524 0.91787
0.976 0.912151 0.923035
0.978 0.907646 0.928021
0.98 0.919361 0.932822
0.982 0.93386 0.937433
0.984 0.943018 0.94185
0.986 0.9434 0.94607
0.988 0.95074 0.950092
0.99 0.952442 0.953914
0.992 0.965374 0.957536
0.994 0.967836 0.960959
0.996 0.988056 0.964186
0.998 0.988351 0.967218
